      1     -12.22924      -6.21225       1.06630
      2     -12.48083     -10.35671       1.06630
      3     -16.02482      -8.18885       1.06630
      4     -15.51129       0.22145       1.06630
      5     -13.91954      -3.04060       1.06630
      6     -10.32879      -3.25188       1.06630
      7     -11.90300      -0.00245       1.06630
      8     -17.51810      -2.86254       1.06630
      9     -15.54018     -10.87616       1.06630
     10     -15.84464      -6.06411       1.06630
     11     -19.10987       2.33208       1.06630
     12     -15.16594       6.39768       1.06630
     13     -18.90923       4.62481       1.06630
     14     -15.09800       8.50906       1.06630
     15     -15.66421      -1.92714       1.06630
     16     -11.56636       6.22135       1.06630
     17     -11.14942      15.03556       1.06630
     18     -13.16335      11.48975       1.06630
     19     -11.66614     -12.27777       1.06630
     20      -8.42606      -4.45100       1.06630
     21     -10.92705     -14.23532       1.06630
     22     -10.30725      -5.31659       1.06630
     23      -8.47312      -2.37090       1.06630
     24     -17.64939      -4.95654       1.06630
     25     -15.78321      -4.00060       1.06630
     26     -11.79332       2.07525       1.06630
     27     -17.27508       1.36270       1.06630
     28      -7.80634       5.96862       1.06630
     29      -9.85337       5.05613       1.06630
     30      -9.53719      11.22155       1.06630
     31     -17.01906       5.50454       1.06630
     32     -12.18040      -4.15292       1.06630
     33     -13.42157       5.29833       1.06630
     34     -13.30471       7.36007       1.06630
     35     -17.35654      -0.72723       1.06630
     36      -6.58639      18.04172       1.06630
     37      -7.09957      -9.06642       1.06630
     38      -9.61020     -12.45788       1.06630
     39      -8.07573     -16.27528       1.06630
     40     -14.19527      -9.23171       1.06630
     41     -10.41767     -10.55564       1.06630
     42     -13.52964       3.19035       1.06630
     43      -6.67581      -5.56685       1.06630
     44     -14.00724      -5.11560       1.06630
     45     -10.19780      -1.18128       1.06630
     46     -12.06695      -2.07730       1.06630
     47      -3.91557       6.74143       1.06630
     48     -11.39849      10.33263       1.06630
     49     -10.35349      13.10402       1.06630
     50     -15.39156       2.27482       1.06630
     51      -9.61649       7.11218       1.06630
     52      -4.19134      12.21042       1.06630
     53      -3.28498      19.38575       1.06630
     54      -9.95532      16.72248       1.06630
     55      -3.22915     -18.79202       1.06630
     56     -14.05710      -7.16952       1.06630
     57     -12.33301      -8.28794       1.06630
     58      -4.71459     -14.90466       1.06630
     59     -10.04909       0.91451       1.06630
     60      -5.83826      -7.45083       1.06630
     61     -13.79467      -0.93026       1.06630
     62      -2.97936      -9.65255       1.06630
     63      -8.21819       1.87001       1.06630
     64      -6.51716       0.72358       1.06630
     65      -9.94770       2.98323       1.06630
     66     -15.27396       4.33055       1.06630
     67      -3.56578       1.26195       1.06630
     68      -9.47121       9.16923       1.06630
     69     -17.16548       3.42254       1.06630
     70      -8.27518      12.83394       1.06630
     71     -11.33898       8.26705       1.06630
     72       1.66600      16.90563       1.06630
     73     -13.77220     -12.03106       1.06630
     74     -12.97512     -13.93524       1.06630
     75      -4.57221      -5.81209       1.06630
     76       1.31096      -1.23729       1.06630
     77      -8.35688     -10.82502       1.06630
     78      -9.15282      -8.91923       1.06630
     79      -1.22199      -4.49999       1.06630
     80      -4.81404       8.60433       1.06630
     81      -8.03157      -7.16222       1.06630
     82     -13.63247       1.12270       1.06630
     83      -4.81822      -0.45716       1.06630
     84      -5.98011       6.91894       1.06630
     85      -5.47961      10.56452       1.06630
     86      -9.09037      14.73254       1.06630
     87     -11.70951       4.13814       1.06630
     88      -7.02390      14.47605       1.06630
     89       1.17373      13.31455       1.06630
     90      -7.82557      16.39468       1.06630
     91       4.29422     -17.89467       1.06630
     92       2.25776     -17.61802       1.06630
     93      -2.66801     -15.14799       1.06630
     94      -7.56134     -12.72085       1.06630
     95      -3.78351      -7.73613       1.06630
     96       0.84785      -4.76665       1.06630
     97     -19.33030      -1.56056       1.06630
     98      -6.60443      -1.45235       1.06630
     99      -5.76077       4.87400       1.06630
    100      -4.48783      -2.51252       1.06630
    101       0.04884      -2.87600       1.06630
    102     -13.25184       9.42396       1.06630
    103      -0.87323      13.56787       1.06630
    104      -0.57900       8.07120       1.06630
    105     -12.39478      13.39355       1.06630
    106      -4.51101      17.72841       1.06630
    107      -5.76101      16.09396       1.06630
    108      -2.43635      17.42696       1.06630
    109      -0.62896     -15.44257       1.06630
    110      -8.86295     -14.37036       1.06630
    111      -5.50067     -12.97743       1.06630
    112      -5.02829      -9.37195       1.06630
    113       2.90518      -5.03767       1.06630
    114      -2.51100      -6.12229       1.06630
    115     -10.48703      -7.36185       1.06630
    116      -2.76964      -0.64584       1.06630
    117      -0.72483      -0.92343       1.06630
    118      -6.51324      -3.50559       1.06630
    119      -7.73320       8.05754       1.06630
    120      -7.55302      10.14816       1.06630
    121       0.35761      15.23905       1.06630
    122      -2.28779       2.88415       1.06630
    123      -0.11143      11.63743       1.06630
    124      -4.97517      14.16024       1.06630
    125      -3.73191      15.81436       1.06630
    126      -0.39109      17.14340       1.06630
    127      -0.92481      -9.92144       1.06630
    128      -6.77624     -14.64149       1.06630
    129      -3.45881     -13.23219       1.06630
    130      -6.27915     -11.01947       1.06630
    131      -0.41236      -6.38577       1.06630
    132       0.65449     -13.77621       1.06630
    133       1.62851      -6.66520       1.06630
    134       5.43238      -1.76390       1.06630
    135       7.03032      -5.59885       1.06630
    136       3.37443      -1.49480       1.06630
    137      -2.00837      -2.56714       1.06630
    138      -4.36756       3.15142       1.06630
    139      -3.42652      10.29832       1.06630
    140      -2.65815       8.38948       1.06630
    141      -6.23201      12.50241       1.06630
    142      -2.15743      11.92269       1.06630
    143      -2.91923      13.84119       1.06630
    144       5.33878      12.78473       1.06630
    145       3.49293     -15.98164       1.06630
    146      -1.70742      -8.01862       1.06630
    147       3.96192     -12.42070       1.06630
    148      -4.22410     -11.31097       1.06630
    149       7.50906      -2.03620       1.06630
    150      -3.27470      -4.20419       1.06630
    151       0.34843      -8.30558       1.06630
    152       4.96024      -5.29587       1.06630
    153       1.80278       2.33597       1.06630
    154       0.53985       0.70878       1.06630
    155      -6.38942       2.80696       1.06630
    156      -8.10975       3.93868       1.06630
    157       0.21943       6.16552       1.06630
    158      -1.68421      15.50623       1.06630
    159       9.46195      12.26461       1.06630
    160       1.95492      11.39222       1.06630
    161      -1.37667       9.98929       1.06630
    162      -1.17750      19.06283       1.06630
    163      -1.88904     -17.08032       1.06630
    164      -6.01877     -16.56094       1.06630
    165       2.69345     -14.05264       1.06630
    166       5.24855     -10.78061       1.06630
    167       3.18859     -10.51478       1.06630
    168      -1.38421     -13.52058       1.06630
    169       7.17788       3.43890       1.06630
    170       2.41659      -8.57221       1.06630
    171      10.03114       1.23312       1.06630
    172       4.64054       0.14143       1.06630
    173      -8.34894      -0.25913       1.06630
    174       2.57240       0.41219       1.06630
    175      -1.84150       6.42687       1.06630
    176       6.88013       8.91570       1.06630
    177       1.01893       4.25315       1.06630
    178       0.69304       9.72672       1.06630
    179       4.51900      14.69894       1.06630
    180       2.97674      18.52219       1.06630
    181       6.53731      -9.15143       1.06630
    182       0.18165     -17.36482       1.06630
    183      -3.95987     -16.83011       1.06630
    184      -0.14367     -11.87528       1.06630
    185       4.48222      -8.85097       1.06630
    186       5.60564     -16.26406       1.06630
    187       5.73220      -7.21702       1.06630
    188       9.23836       3.16839       1.06630
    189       4.16670      -3.40134       1.06630
    190      -3.12412       4.79100       1.06630
    191       1.50203       7.81102       1.06630
    192       3.07198       3.97306       1.06630
    193       4.31802       5.64353       1.06630
    194       2.74727       9.49214       1.06630
    195       7.66259       7.01194       1.06630
    196       4.00535      11.13548       1.06630
    197       7.91758      16.12503       1.06630
    198       5.09510      18.29718       1.06630
    199       1.12765     -10.21452       1.06630
    200       1.43026     -15.71988       1.06630
    201       4.76807     -14.36358       1.06630
    202      13.55518     -11.96839       1.06630
    203       8.63687      -9.47925       1.06630
    204       8.31247      -3.97212       1.06630
    205       7.30665     -11.06430       1.06630
    206       5.13068       3.69196       1.06630
    207       2.11016      -3.14011       1.06630
    208      12.88568      -0.97454       1.06630
    209       8.74459      -0.39422       1.06630
    210       7.97593       1.51600       1.06630
    211      -1.50239       0.98422       1.06630
    212      11.04121       8.36773       1.06630
    213       2.27731       5.88928       1.06630
    214      -0.24744       2.63106       1.06630
    215       8.18834      10.57728       1.06630
    216       5.87379      16.39171       1.06630
    217       6.52714     -18.16059       1.06630
    218       3.03771     -19.55696       1.06630
    219      11.00200     -15.25583       1.06630
    220       7.79688      -7.51520       1.06630
    221       1.90384     -12.13044       1.06630
    222      11.14768      -6.20287       1.06630
    223       5.92745       1.78629       1.06630
    224       6.68727      -0.13059       1.06630
    225       3.56426       7.55730       1.06630
    226       8.43878       5.09290       1.06630
    227      -1.03674       4.52415       1.06630
    228      11.76407       6.43890       1.06630
    229      11.29361       2.89476       1.06630
    230       7.39573      12.52968       1.06630
    231       4.79869       9.21679       1.06630
    232       0.86432      18.85163       1.06630
    233       3.80428      16.63716       1.06630
    234       5.59904       7.28699       1.06630
    235       9.43174     -11.39309       1.06630
    236      -2.18765     -11.60149       1.06630
    237      10.69631      -9.76523       1.06630
    238       8.10709     -12.98756       1.06630
    239       8.92233     -14.94154       1.06630
    240       6.37490       5.34495       1.06630
    241       3.84067       2.06629       1.06630
    242       3.68435      -6.93429       1.06630
    243      16.65947       4.02846       1.06630
    244      14.12094       0.67111       1.06630
    245      14.39530       9.79313       1.06630
    246      16.42706       9.48739       1.06630
    247      15.88859       5.94313       1.06630
    248       3.25251      13.06970       1.06630
    249      10.23850      10.26391       1.06630
    250      13.80938       6.19584       1.06630
    251      18.24596       0.11273       1.06630
    252       2.44668      14.98326       1.06630
    253       6.04679     -12.68732       1.06630
    254       6.87660     -14.62606       1.06630
    255      15.77436      -3.21586       1.06630
    256      12.76643     -10.05459       1.06630
    257       9.90839      -7.85715       1.06630
    258       9.09973      -5.91683       1.06630
    259      15.40281       2.30174       1.06630
    260      13.23719      -6.46972       1.06630
    261      15.30183      -6.77740       1.06630
    262      13.09978       8.12515       1.06630
    263      11.62030      -2.61381       1.06630
    264      10.83833      -0.69268       1.06630
    265      12.28494      10.01273       1.06630
    266      15.14099       7.85878       1.06630
    267      11.50138      11.96777       1.06630
    268       8.69268      14.19413       1.06630
    269       6.10084      10.85553       1.06630
    270       6.62292      14.45423       1.06630
    271      -1.12595     -19.00822       1.06630
    272       6.24092      -3.66120       1.06630
    273      10.20527     -13.31907       1.06630
    274      11.48668     -11.69291       1.06630
    275      16.17632       0.37662       1.06630
    276      13.66312      -2.90834       1.06630
    277      12.55312       4.53613       1.06630
    278      12.08459       0.96211       1.06630
    279      10.35120      -4.29087       1.06630
    280      14.46455      -4.80577       1.06630
    281       9.72936       6.73284       1.06630
    282      14.92733      -1.26572       1.06630
    283      14.59969       4.29319       1.06630
    284      10.48723       4.81506       1.06630
    285      13.34477       2.62253       1.06630
    286      13.57605      11.66939       1.06630
    287       8.92882       8.65068       1.06630
    288      10.77074      13.89699       1.06630
    289      12.25660     -13.60554       1.06630
    290      14.86485     -10.35482       1.06630
    291      16.55410      -5.13355       1.06630
    292      11.98590      -8.10077       1.06630
    293      17.00298      -1.52715       1.06630
    294      16.10509      -8.69248       1.06630
    295      14.01758      -8.39586       1.06630
    296      18.68541       3.70137       1.06630
    297      12.40433      -4.55996       1.06630
    298      17.43302       2.05660       1.06630
    299       9.57450      -2.33120       1.06630
    300      18.05236      -3.58785       1.06630
