     0.00000     5.56000 19212.54227     0.99428     0.99285    0    19.72830
     9.99990     5.40667 19865.64604     0.89163     0.96545    3     1.96740
    19.99990     5.38000 20078.78306     0.86497     0.96068    3     1.96740
    29.99990     5.17333 20251.35261     0.80022     0.92374    3     1.96740
    39.99990     5.09333 20356.02524     0.80502     0.90944    3     1.96740
    49.99990     5.14000 20359.54120     0.79382     0.91778    3     1.96740
    59.99990     5.07333 20427.75354     0.76709     0.90586    3     1.96740
    69.99990     5.12000 20425.56587     0.80886     0.91420    3     1.96740
    79.99990     5.03333 20416.25433     0.78358     0.89871    3     1.96740
    89.99990     4.97333 20472.77797     0.74771     0.88797    3     1.96740
    99.99990     5.01333 20509.17962     0.75672     0.89512    3     1.96740
   109.99990     4.97333 20498.93806     0.73355     0.88797    3     1.96740
   119.99990     4.90000 20596.99960     0.69608     0.87484    3     1.96740
   129.99990     4.98000 20619.53904     0.74939     0.88915    3     1.96740
   139.99990     4.92667 20660.65421     0.74048     0.87960    3     1.96740
   149.99990     4.95333 20683.79674     0.71452     0.88437    3     1.96740
   159.99990     4.77333 20736.43099     0.70266     0.85215    3     1.96740
   169.99990     4.84667 20780.84073     0.69285     0.86527    3     1.96740
   179.99990     4.75333 20724.26568     0.63206     0.84858    3     1.96740
   189.99990     4.82000 20650.01803     0.64981     0.86052    3     1.96740
   199.99990     4.65333 20683.72487     0.61996     0.83069    3     1.96740
   209.99990     4.85333 20700.26319     0.69557     0.86648    3     1.96740
   219.99990     4.78000 20705.24329     0.67293     0.85335    3     1.96740
   229.99990     4.96667 20614.81399     0.69831     0.88676    3     1.96740
   239.99990     4.92000 20684.43173     0.70358     0.87841    3     1.96740
   249.99990     4.82000 20640.09074     0.67438     0.86052    3     1.96740
   259.99990     4.89333 20683.12134     0.66239     0.87364    3     1.96740
   269.99990     4.81333 20685.71283     0.66951     0.85932    3     1.96740
   279.99990     4.88667 20701.78616     0.71928     0.87244    3     1.96740
   289.99990     4.64667 20655.79393     0.65711     0.82951    3     1.96740
   299.99990     4.79333 20706.77581     0.68772     0.85574    3     1.96740
   309.99990     4.92667 20680.82702     0.72477     0.87960    3     1.96740
   319.99990     4.98000 20678.60546     0.73751     0.88914    3     1.96740
   329.99990     4.99333 20619.23207     0.75346     0.89153    3     1.96740
   339.99990     4.97333 20578.23640     0.75701     0.88796    3     1.96740
   349.99990     4.91333 20575.85193     0.71424     0.87723    3     1.96740
   359.99990     5.01333 20558.95315     0.72484     0.89512    3     1.96740
   369.99990     4.86667 20568.31377     0.69103     0.86888    3     1.96740
   379.99990     5.00667 20653.66900     0.74891     0.89391    3     1.96740
   389.99990     4.96667 20640.57727     0.71893     0.88676    3     1.96740
   399.99990     4.84667 20686.59300     0.70219     0.86529    3     1.96740
   409.99990     4.88000 20665.42819     0.70763     0.87125    3     1.96740
   419.99990     4.83333 20700.85510     0.70077     0.86290    3     1.96740
   429.99990     4.85333 20771.64280     0.69105     0.86647    3     1.96740
   439.99990     4.92000 20729.92309     0.71979     0.87840    3     1.96740
   449.99990     4.93333 20680.56295     0.71863     0.88079    3     1.96740
   459.99990     4.86667 20630.67284     0.69359     0.86887    3     1.96740
   469.99990     5.05333 20586.73606     0.73955     0.90227    3     1.96740
   479.99990     5.10000 20576.97545     0.76782     0.91061    3     1.96740
   489.99990     4.76667 20623.42871     0.70057     0.85099    3     1.96740
   499.99990     4.88000 20658.87412     0.71356     0.87126    3     1.96740
   509.99990     5.01333 20601.11323     0.75410     0.89511    3     1.96740
   519.99990     5.03333 20572.73065     0.77527     0.89869    3     1.96740
   529.99990     4.97333 20643.78493     0.74636     0.88795    3     1.96740
   539.99990     4.96667 20664.71064     0.72738     0.88676    3     1.96740
   549.99990     5.01333 20607.52058     0.74015     0.89511    3     1.96740
   559.99990     4.86667 20624.09323     0.69435     0.86888    3     1.96740
   569.99990     4.91333 20601.63266     0.70923     0.87723    3     1.96740
   579.99990     4.95333 20585.57622     0.73043     0.88438    3     1.96740
   589.99990     4.82667 20564.09222     0.71768     0.86173    3     1.96740
   599.99990     4.94667 20610.01358     0.71366     0.88319    3     1.96740
   609.99990     4.86000 20612.75002     0.72401     0.86768    3     1.96740
   619.99990     4.76667 20640.02267     0.66261     0.85098    3     1.96740
   629.99990     4.64667 20617.58748     0.68734     0.82952    3     1.96740
   639.99990     4.86667 20564.42331     0.68343     0.86889    3     1.96740
   649.99990     4.96000 20546.77551     0.69409     0.88558    3     1.96740
   659.99990     4.77333 20553.65182     0.69036     0.85219    3     1.96740
   669.99990     4.91333 20581.96024     0.70699     0.87723    3     1.96740
   679.99990     4.92667 20615.94691     0.74581     0.87961    3     1.96740
   689.99990     4.92000 20636.53143     0.73889     0.87841    3     1.96740
   699.99990     4.92000 20612.97331     0.72193     0.87842    3     1.96740
   709.99990     5.06000 20614.55157     0.74118     0.90346    3     1.96740
   719.99990     4.89333 20681.21882     0.69251     0.87364    3     1.96740
   729.99990     4.89333 20695.30540     0.69274     0.87364    3     1.96740
   739.99990     4.88000 20706.58969     0.68283     0.87125    3     1.96740
   749.99990     4.82000 20705.86407     0.69767     0.86051    3     1.96740
   759.99990     4.97333 20762.15239     0.73203     0.88794    3     1.96740
   769.99990     4.87333 20741.43522     0.70511     0.87005    3     1.96740
   779.99990     4.78667 20717.49087     0.71064     0.85454    3     1.96740
   789.99990     4.91333 20714.49865     0.70283     0.87721    3     1.96740
   799.99990     4.78667 20735.22272     0.68694     0.85454    3     1.96740
   809.99990     4.76000 20811.85696     0.65474     0.84975    3     1.96740
   819.99990     4.86000 20710.79016     0.65571     0.86767    3     1.96740
   829.99990     4.90000 20646.13182     0.67399     0.87484    3     1.96740
   839.99990     4.91333 20659.32820     0.71321     0.87722    3     1.96740
   849.99990     4.88000 20697.34615     0.69121     0.87125    3     1.96740
   859.99990     4.83333 20655.05846     0.68329     0.86291    3     1.96740
   869.99990     4.78000 20632.16153     0.61719     0.85337    3     1.96740
   879.99990     4.95333 20610.31355     0.72501     0.88438    3     1.96740
   889.99990     4.94667 20632.64570     0.71425     0.88318    3     1.96740
   899.99990     4.79333 20669.50711     0.68835     0.85575    3     1.96740
   909.99990     4.86000 20660.53243     0.72034     0.86768    3     1.96740
   919.99990     4.94667 20610.38890     0.74055     0.88319    3     1.96740
   929.99990     4.88000 20615.24366     0.73120     0.87126    3     1.96740
   939.99990     4.87333 20675.52828     0.71885     0.87006    3     1.96740
   949.99990     4.92000 20648.84994     0.72407     0.87841    3     1.96740
   959.99990     5.00667 20623.54702     0.75166     0.89392    3     1.96740
   969.99990     4.92667 20613.12072     0.72127     0.87961    3     1.96740
   979.99990     4.86000 20621.35642     0.71073     0.86768    3     1.96740
   989.99990     4.86000 20712.03602     0.69144     0.86767    3     1.96740
   999.99990     4.83333 20695.54744     0.69934     0.86290    3     1.96740
